././sol-qsort-c 200000 200000 0
0.795917
././sol-qsort-c 200000 200000 10
0.794662
././sol-qsort-c 200000 200000 20
0.794578
././sol-qsort-c 200000 200000 30
0.794471
././sol-qsort-c 200000 200000 40
0.794698
././sol-qsort-c 200000 200000 50
0.795148
././sol-qsort-c 200000 200000 60
0.794440
././sol-qsort-c 200000 200000 70
0.794859
././sol-qsort-c 200000 200000 80
0.795073
././sol-qsort-c 200000 200000 90
0.795402
././sol-qsort-c 200000 200000 100
0.795736

././sol-qsort-gcc 200000 200000 0
0.821154
././sol-qsort-gcc 200000 200000 10
0.821309
././sol-qsort-gcc 200000 200000 20
0.820081
././sol-qsort-gcc 200000 200000 30
0.819685
././sol-qsort-gcc 200000 200000 40
0.820792
././sol-qsort-gcc 200000 200000 50
0.819687
././sol-qsort-gcc 200000 200000 60
0.819434
././sol-qsort-gcc 200000 200000 70
0.819203
././sol-qsort-gcc 200000 200000 80
0.820880
././sol-qsort-gcc 200000 200000 90
0.822711
././sol-qsort-gcc 200000 200000 100
0.820121

././sol-qsort-lw 200000 200000 0
7.035280
././sol-qsort-lw 200000 200000 10
13.132535
././sol-qsort-lw 200000 200000 20
18.899523
././sol-qsort-lw 200000 200000 30
24.604284
././sol-qsort-lw 200000 200000 40
30.532493
././sol-qsort-lw 200000 200000 50
35.955422
././sol-qsort-lw 200000 200000 60
41.603549
././sol-qsort-lw 200000 200000 70
47.274881
././sol-qsort-lw 200000 200000 80
52.907938
././sol-qsort-lw 200000 200000 90
58.651210
././sol-qsort-lw 200000 200000 100
63.526928

././sol-qsort-xcc 200000 200000 0
8.025209
././sol-qsort-xcc 200000 200000 10
8.027777
././sol-qsort-xcc 200000 200000 20
8.026236
././sol-qsort-xcc 200000 200000 30
8.026290
././sol-qsort-xcc 200000 200000 40
8.026687
././sol-qsort-xcc 200000 200000 50
8.024893
././sol-qsort-xcc 200000 200000 60
8.027356
././sol-qsort-xcc 200000 200000 70
8.025758
././sol-qsort-xcc 200000 200000 80
8.026363
././sol-qsort-xcc 200000 200000 90
8.025573
././sol-qsort-xcc 200000 200000 100
8.025071

././sol-qsort-clos 200000 200000 0
0.930865
././sol-qsort-clos 200000 200000 10
0.931629
././sol-qsort-clos 200000 200000 20
0.934088
././sol-qsort-clos 200000 200000 30
0.933920
././sol-qsort-clos 200000 200000 40
0.931705
././sol-qsort-clos 200000 200000 50
0.930804
././sol-qsort-clos 200000 200000 60
0.931075
././sol-qsort-clos 200000 200000 70
0.931063
././sol-qsort-clos 200000 200000 80
0.930870
././sol-qsort-clos 200000 200000 90
0.932690
././sol-qsort-clos 200000 200000 100
0.931894
