0.521981
0.522079
0.522139
0.523917
0.522029
0.522198
0.522066
0.522095
0.522209

0.545096
0.545058
0.544912
0.545090
0.547230
0.545171
0.545166
0.547144
0.547251

4.377761
4.377355
4.373586
4.382475
4.377252
4.382046
4.382567
4.383006
4.373590

5.195991
5.198698
5.198378
5.197151
5.195385
5.196404
5.199056
5.207690
5.196307

0.613750
0.622212
0.617736
0.625231
0.622371
0.620403
0.617583
0.617833
0.614019

===
0 0.523061
10 0.522082
20 0.522068
30 0.522035
40 0.522026
50 0.522084
60 0.522123
70 0.522172
80 0.522037
90 0.524496
100 0.523387

0 0.545290
10 0.546736
20 0.546441
30 0.545229
40 0.545097
50 0.545033
60 0.547293
70 0.545169
80 0.545003
90 0.547154
100 0.547264

0 4.392276
10 8.419999
20 12.257255
30 16.091900
40 19.859743
50 23.645309
60 27.472974
70 31.266413
80 35.035640
90 38.784047
100 42.591989

0 5.196834
10 5.197552
20 5.193108
30 5.194422
40 5.197170
50 5.198929
60 5.193034
70 5.196043
80 5.195418
90 5.208495
100 5.194654

0 0.619105
10 0.611179
20 0.623211
30 0.618652
40 0.613852
50 0.612266
60 0.611307
70 0.617608
80 0.615463
90 0.612866
100 0.613992

