./sol-qsort-c
0.795586
./sol-qsort-gcc
0.818825
./sol-qsort-lw
7.046776
./sol-qsort-xcc
8.025220
./sol-qsort-clos
0.933968
===
././sol-qsort-c 200000 200000 0
0.795917
0.794740
0.796021

././sol-qsort-c 200000 200000 10
0.794528
0.794662
0.796038

././sol-qsort-c 200000 200000 20
0.797543
0.794565
0.794578

././sol-qsort-c 200000 200000 30
0.794194
0.794552
0.794471

././sol-qsort-c 200000 200000 40
0.795084
0.795742
0.794698

././sol-qsort-c 200000 200000 50
0.794475
0.795148
0.799720

././sol-qsort-c 200000 200000 60
0.794440
0.861953
0.796357

././sol-qsort-c 200000 200000 70
0.794465
0.794859
0.800688

././sol-qsort-c 200000 200000 80
0.795073
0.794781
0.796032

././sol-qsort-c 200000 200000 90
0.793851
0.795402
0.795576

././sol-qsort-c 200000 200000 100
0.795012
0.795736
0.796482


././sol-qsort-gcc 200000 200000 0
0.820303
0.823901
0.821154

././sol-qsort-gcc 200000 200000 10
0.818806
0.821309
0.822542

././sol-qsort-gcc 200000 200000 20
0.822889
0.819761
0.820081

././sol-qsort-gcc 200000 200000 30
0.819687
0.820101
0.819685

././sol-qsort-gcc 200000 200000 40
0.829542
0.819891
0.820792

././sol-qsort-gcc 200000 200000 50
0.818959
0.819687
0.821243

././sol-qsort-gcc 200000 200000 60
0.819434
0.818932
0.820269

././sol-qsort-gcc 200000 200000 70
0.818732
0.819203
0.821343

././sol-qsort-gcc 200000 200000 80
0.821815
0.820490
0.820880

././sol-qsort-gcc 200000 200000 90
0.823154
0.822554
0.822711

././sol-qsort-gcc 200000 200000 100
0.818350
0.820890
0.820121


././sol-qsort-lw 200000 200000 0
7.035280
7.032910
7.036217

././sol-qsort-lw 200000 200000 10
13.132535
13.133999
13.131849

././sol-qsort-lw 200000 200000 20
18.951756
18.898810
18.899523

././sol-qsort-lw 200000 200000 30
24.601038
24.604284
24.606490

././sol-qsort-lw 200000 200000 40
30.543543
30.532493
30.529470

././sol-qsort-lw 200000 200000 50
35.956650
35.949416
35.955422

././sol-qsort-lw 200000 200000 60
41.603549
41.611566
41.598939

././sol-qsort-lw 200000 200000 70
47.282090
47.274881
47.266375

././sol-qsort-lw 200000 200000 80
52.903764
52.909733
52.907938

././sol-qsort-lw 200000 200000 90
58.626100
58.651210
58.631462

././sol-qsort-lw 200000 200000 100
63.526928
63.508763
63.568616


././sol-qsort-xcc 200000 200000 0
8.025209
8.026561
8.025163

././sol-qsort-xcc 200000 200000 10
8.027777
8.028175
8.024825

././sol-qsort-xcc 200000 200000 20
8.024270
8.027674
8.026236

././sol-qsort-xcc 200000 200000 30
8.024592
8.028251
8.026290

././sol-qsort-xcc 200000 200000 40
8.028588
8.026687
8.025505

././sol-qsort-xcc 200000 200000 50
8.024203
8.024893
8.028160

././sol-qsort-xcc 200000 200000 60
8.027356
8.074454
8.027045

././sol-qsort-xcc 200000 200000 70
8.028203
8.024991
8.025758

././sol-qsort-xcc 200000 200000 80
8.028163
8.026363
8.026321

././sol-qsort-xcc 200000 200000 90
8.025573
8.025291
8.025788

././sol-qsort-xcc 200000 200000 100
8.028322
8.025071
8.024872


././sol-qsort-clos 200000 200000 0
0.930094
0.930865
0.931389

././sol-qsort-clos 200000 200000 10
0.931629
0.931767
0.930379

././sol-qsort-clos 200000 200000 20
0.936369
0.934088
0.932391

././sol-qsort-clos 200000 200000 30
0.934946
0.933920
0.932104

././sol-qsort-clos 200000 200000 40
0.929983
0.931705
0.932613

././sol-qsort-clos 200000 200000 50
0.933545
0.930804
0.930247

././sol-qsort-clos 200000 200000 60
0.931983
0.931075
0.930094

././sol-qsort-clos 200000 200000 70
0.932061
0.930786
0.931063

././sol-qsort-clos 200000 200000 80
0.930387
0.930870
0.933302

././sol-qsort-clos 200000 200000 90
0.932413
0.932690
0.933421

././sol-qsort-clos 200000 200000 100
0.934266
0.931894
0.931356
