0.146726 0.000000 0.146726
0.143736 0.000000 0.143736
0.143697 0.000000 0.143697
0.145406 0.000000 0.145406
0.144082 0.000000 0.144082

0.147496 0.000000 0.147496
0.145954 0.000000 0.145954
0.147879 0.000000 0.147879
0.145838 0.000000 0.145838
0.148263 0.000000 0.148263

0.154090 0.000000 0.154090
0.150737 0.000000 0.150737
0.154028 0.000000 0.154028
0.150038 0.000000 0.150038
0.150542 0.000000 0.150542

0.147997 0.000000 0.147997
0.145996 0.000000 0.145996
0.145377 0.000000 0.145377
0.145241 0.000000 0.145241
0.145631 0.000000 0.145631

0.155141 0.000000 0.155141
0.153657 0.000000 0.153657
0.154118 0.000000 0.154118
0.156320 0.000000 0.156320
0.152230 0.000000 0.152230

