./sol-bin2list-c
0.289548 0.000000 0.289548
0.289627 0.000000 0.289627
0.289729 0.000000 0.289729
0.292246 0.000000 0.292246
0.292706 0.000000 0.292706
0.292971 0.000000 0.292971
0.294844 0.000000 0.294844
0.297552 0.000000 0.297552
0.301059 0.000000 0.301059

./sol-bin2list-gcc
0.317055 0.000000 0.317055
0.318787 0.000000 0.318787
0.319248 0.000000 0.319248
0.319490 0.000000 0.319490
0.326195 0.000000 0.326195
0.326725 0.000000 0.326725
0.327519 0.000000 0.327519
0.327888 0.000000 0.327888
0.329659 0.000000 0.329659

./sol-bin2list-lw
0.298681 0.000000 0.298681
0.298767 0.000000 0.298767
0.299161 0.000000 0.299161
0.302172 0.000000 0.302172
0.302677 0.000000 0.302677
0.304338 0.000000 0.304338
0.307065 0.000000 0.307065
0.311758 0.000000 0.311758
0.315815 0.000000 0.315815

./sol-bin2list-xcc
0.288322 0.000000 0.288322
0.288558 0.000000 0.288558
0.288903 0.000000 0.288903
0.288933 0.000000 0.288933
0.288936 0.000000 0.288936
0.289287 0.000000 0.289287
0.289437 0.000000 0.289437
0.289748 0.000000 0.289748
0.290178 0.000000 0.290178

./sol-bin2list-clos
0.311524 0.000000 0.311524
0.312197 0.000000 0.312197
0.315647 0.000000 0.315647
0.316488 0.000000 0.316488
0.318071 0.000000 0.318071
0.319024 0.000000 0.319024
0.324489 0.000000 0.324489
0.326320 0.000000 0.326320
0.327080 0.000000 0.327080

