././qsort-c 200000 200000 0
0.139237
././qsort-c 200000 200000 10
0.142361
././qsort-c 200000 200000 20
0.141920
././qsort-c 200000 200000 30
0.138297
././qsort-c 200000 200000 40
0.145417
././qsort-c 200000 200000 50
0.141145
././qsort-c 200000 200000 60
0.142521
././qsort-c 200000 200000 70
0.142488
././qsort-c 200000 200000 80
0.137693
././qsort-c 200000 200000 90
0.144506
././qsort-c 200000 200000 100
0.140276

././qsort-gcc 200000 200000 0
3.438797
././qsort-gcc 200000 200000 10
3.172059
././qsort-gcc 200000 200000 20
3.250621
././qsort-gcc 200000 200000 30
3.277760
././qsort-gcc 200000 200000 40
3.262741
././qsort-gcc 200000 200000 50
3.163229
././qsort-gcc 200000 200000 60
3.265360
././qsort-gcc 200000 200000 70
3.162923
././qsort-gcc 200000 200000 80
3.362998
././qsort-gcc 200000 200000 90
3.262254
././qsort-gcc 200000 200000 100
3.251791

././qsort-lw 200000 200000 0
3.765347
././qsort-lw 200000 200000 10
5.183489
././qsort-lw 200000 200000 20
6.786342
././qsort-lw 200000 200000 30
8.090642
././qsort-lw 200000 200000 40
9.323750
././qsort-lw 200000 200000 50
11.076008
././qsort-lw 200000 200000 60
12.129853
././qsort-lw 200000 200000 70
13.505340
././qsort-lw 200000 200000 80
14.953841
././qsort-lw 200000 200000 90
16.325048
././qsort-lw 200000 200000 100
17.934557

././qsort-xcc 200000 200000 0
3.378653
././qsort-xcc 200000 200000 10
3.450946
././qsort-xcc 200000 200000 20
3.467944
././qsort-xcc 200000 200000 30
3.336462
././qsort-xcc 200000 200000 40
3.429571
././qsort-xcc 200000 200000 50
3.409007
././qsort-xcc 200000 200000 60
3.444758
././qsort-xcc 200000 200000 70
3.415697
././qsort-xcc 200000 200000 80
3.445694
././qsort-xcc 200000 200000 90
3.372437
././qsort-xcc 200000 200000 100
3.511884

././qsort-clos 200000 200000 0
0.185573
././qsort-clos 200000 200000 10
0.191582
././qsort-clos 200000 200000 20
0.192810
././qsort-clos 200000 200000 30
0.187276
././qsort-clos 200000 200000 40
0.193099
././qsort-clos 200000 200000 50
0.187882
././qsort-clos 200000 200000 60
0.186328
././qsort-clos 200000 200000 70
0.185514
././qsort-clos 200000 200000 80
0.187249
././qsort-clos 200000 200000 90
0.192319
././qsort-clos 200000 200000 100
0.194307
