./qsort-c
0.138281
./qsort-gcc
3.417884
./qsort-lw
3.692731
./qsort-xcc
3.493269
./qsort-clos
0.193332
===
././qsort-c 200000 200000 0
0.139237
0.138411
0.145909

././qsort-c 200000 200000 10
0.142090
0.142361
0.143387

././qsort-c 200000 200000 20
0.246603
0.141920
0.139798

././qsort-c 200000 200000 30
0.262568
0.138297
0.137128

././qsort-c 200000 200000 40
0.254910
0.137951
0.145417

././qsort-c 200000 200000 50
0.146620
0.141145
0.138604

././qsort-c 200000 200000 60
0.146888
0.142521
0.141677

././qsort-c 200000 200000 70
0.247260
0.142488
0.138493

././qsort-c 200000 200000 80
0.248696
0.137693
0.136563

././qsort-c 200000 200000 90
0.258322
0.136841
0.144506

././qsort-c 200000 200000 100
0.144179
0.140276
0.137288


././qsort-gcc 200000 200000 0
3.544965
3.438797
3.431114

././qsort-gcc 200000 200000 10
3.366254
3.172059
3.168289

././qsort-gcc 200000 200000 20
5.711323
3.250621
3.154877

././qsort-gcc 200000 200000 30
3.361846
3.277760
3.262797

././qsort-gcc 200000 200000 40
3.367779
3.259652
3.262741

././qsort-gcc 200000 200000 50
3.367739
3.155655
3.163229

././qsort-gcc 200000 200000 60
3.367100
3.265360
3.156806

././qsort-gcc 200000 200000 70
3.368848
3.157322
3.162923

././qsort-gcc 200000 200000 80
3.362998
3.259066
5.514126

././qsort-gcc 200000 200000 90
3.366548
3.262254
3.158177

././qsort-gcc 200000 200000 100
3.352495
3.251791
3.243940


././qsort-lw 200000 200000 0
3.972591
3.765347
3.761158

././qsort-lw 200000 200000 10
5.380191
5.172784
5.183489

././qsort-lw 200000 200000 20
6.786342
6.607617
8.929690

././qsort-lw 200000 200000 30
8.291686
7.896540
8.090642

././qsort-lw 200000 200000 40
9.331810
9.116682
9.323750

././qsort-lw 200000 200000 50
11.076008
13.210945
10.868484

././qsort-lw 200000 200000 60
12.401796
12.129853
12.194153

././qsort-lw 200000 200000 70
13.505340
15.637133
13.192015

././qsort-lw 200000 200000 80
15.099828
14.953841
14.786566

././qsort-lw 200000 200000 90
18.785182
16.227834
16.325048

././qsort-lw 200000 200000 100
17.934557
17.770281
20.086801


././qsort-xcc 200000 200000 0
3.557358
3.378653
3.288687

././qsort-xcc 200000 200000 10
3.485349
3.312446
3.450946

././qsort-xcc 200000 200000 20
3.553726
3.467944
3.377655

././qsort-xcc 200000 200000 30
3.415946
3.336462
3.164963

././qsort-xcc 200000 200000 40
3.502129
3.165399
3.429571

././qsort-xcc 200000 200000 50
5.850988
3.409007
3.130873

././qsort-xcc 200000 200000 60
3.536979
3.444758
3.443134

././qsort-xcc 200000 200000 70
3.635534
3.415697
3.299044

././qsort-xcc 200000 200000 80
3.545195
3.445694
3.369240

././qsort-xcc 200000 200000 90
3.522168
3.372437
3.276538

././qsort-xcc 200000 200000 100
3.511884
3.282116
3.535759


././qsort-clos 200000 200000 0
0.292811
0.185346
0.185573

././qsort-clos 200000 200000 10
0.301561
0.191582
0.185624

././qsort-clos 200000 200000 20
0.319408
0.185233
0.192810

././qsort-clos 200000 200000 30
0.294679
0.187276
0.185409

././qsort-clos 200000 200000 40
0.288109
0.193099
0.189483

././qsort-clos 200000 200000 50
0.294507
0.187882
0.185651

././qsort-clos 200000 200000 60
0.300761
0.185443
0.186328

././qsort-clos 200000 200000 70
0.303912
0.185514
0.185374

././qsort-clos 200000 200000 80
0.298901
0.186428
0.187249

././qsort-clos 200000 200000 90
0.288410
0.188808
0.192319

././qsort-clos 200000 200000 100
0.297469
0.188406
0.194307


